DataFile : E:\OneDrive - ufpr.br\Dissertação_MESTRADO\MODELAGEM (Track_MPD)\OGCM Paranaguá - Boundary Conditions\Digital Terrain\GridData_CEP_v04.dat
Volume [m3] Depth [m] Surface Area [m2]
0 29,1752319335938 0
3,43356805387889E-07 29,0752319335937 3,43356805387884E-06
6,86713610775778E-07 28,9752319335937 3,43356805387884E-06
1,03007041616367E-06 28,8752319335937 3,43356805387884E-06
1,37342722155156E-06 28,7752319335937 3,43356805387884E-06
1,71678402693945E-06 28,6752319335937 3,43356805387884E-06
2,06014083232734E-06 28,5752319335937 3,43356805387884E-06
2,72784713970804E-06 28,4752319335937 6,86007115291432E-06
3,41385425499948E-06 28,3752319335937 6,86007115291432E-06
4,09986137029092E-06 28,2752319335937 6,86007115291432E-06
4,78586848558236E-06 28,1752319335937 6,86007115291432E-06
5,47187560087381E-06 28,0752319335937 6,86007115291432E-06
6,15788271616525E-06 27,9752319335937 6,86007115291432E-06
6,84388983145669E-06 27,8752319335937 6,86007115291432E-06
7,52989694674813E-06 27,7752319335937 6,86007115291432E-06
8,32203079069471E-06 27,6752319335937 1,02936392067932E-05
1,02933993243245E-05 27,5752319335937 3,43215506291017E-05
1,53037308558579E-05 27,4752319335937 6,863603630336E-05
2,37761933073843E-05 27,3752319335937 0,000106355830212124
3,7806745110679E-05 27,2752319335937 0,000164698227308691
5,6113152056911E-05 27,1752319335937 0,000202418021217454
7,86502914903361E-05 27,0752319335937 0,000246997886279132
0,000106004619972498 26,9752319335937 0,000301878455502447
0,000137098782136599 26,8752319335937 0,000332752308167983
0,000173093016378275 26,7752319335937 0,000387625812436454
0,000214092257139588 26,6752319335937 0,000449394712632056
0,000262268756387226 26,5752319335937 0,000504275281855371
0,000318057449975218 26,4752319335937 0,000600288018176798
0,000382172458245484 26,3752319335937 0,000692930771037936
0,000457723326448553 26,2752319335937 0,000840418768348172
0,000554478066142136 26,1752319335937 0,00110793328349246
0,000675848366441556 26,0752319335937 0,00129652518080547
0,000811815942849961 25,9752319335937 0,00142683475132799
0,000960589403412757 25,8752319335937 0,00155038314551348
0,00111903580504068 25,7752319335937 0,00163270046323305
0,00128717276178217 25,6752319335937 0,00172524784284178
0,00146347167326225 25,5752319335937 0,00180416691728169
0,00164851081792857 25,4752319335937 0,00189339023199864
0,00184184543786287 25,3752319335937 0,0019687909662025
0,00204583564917621 25,2752319335937 0,0021093976974953
0,0022683119224459 25,1752319335937 0,00237695813848404
0,00251756259402959 25,0752319335937 0,0025964804153773
0,0027834503396612 24,9752319335937 0,00272339172806824
0,00306119344170706 24,8752319335937 0,00282280270766933
0,00335024218966657 24,7752319335937 0,00294972815754591
0,00364943984670627 24,6752319335937 0,0030423638454522
0,00395999354308176 24,5752319335937 0,00316240095708054
0,00427951162028898 24,4752319335937 0,00323099460365484
0,00460931174655121 24,3752319335937 0,00336478012468433
0,00495084674723595 24,2752319335937 0,00346768119197804
0,00530709923224923 24,1752319335937 0,00364254941814579
0,00567872029358846 24,0752319335937 0,0037900656752754
0,0060649986837921 23,9752319335937 0,00391699112515198
0,00646157462572536 23,8752319335937 0,0039993190439418
0,00686901380106877 23,7752319335937 0,00412620209681336
0,00728487493838223 23,6752319335937 0,00419479574338766
0,00771284049021629 23,5752319335937 0,00433546959538944
0,0081503387609302 23,4752319335937 0,00443493355851388
0,0086002669829626 23,3752319335937 0,00456182721245568
0,00906295594684832 23,2752319335937 0,00470246926852269
0,00954629542864956 23,1752319335937 0,00498713749402668
0,0100577345585321 23,0752319335937 0,00523064529261319
0,0105889487199721 22,9752319335937 0,0053781156311743
0,0111337318461339 22,8752319335937 0,00553591139760101
0,0116948421949222 22,7752319335937 0,00570397607225459
0,0122732349870953 22,6752319335937 0,00585145700460998
0,0128680448810495 22,5752319335937 0,00603325242263963
0,0134798380814747 22,4752319335937 0,006215037246875
0,0141112235466477 22,3752319335937 0,00638652489578817
0,0147606486782553 22,2752319335937 0,00660949839948444
0,015439428713917 22,1752319335937 0,00700734013662441
0,0161576563329271 22,0752319335936 0,00731264155911049
0,016899403661895 21,9752319335936 0,00751152004522737
0,0176619821148112 21,8752319335936 0,00770701794681372
0,0184397290868273 21,7752319335936 0,0078407610708382
0,019229332784159 21,6752319335936 0,00795053280307911
0,0200330666063165 21,5752319335936 0,00810836389428005
0,0208496340522381 21,4752319335936 0,00822154094203142
0,0216792445848226 21,3752319335936 0,00837244837748585
0,0225239687072389 21,2752319335936 0,00854052011709427
0,0233876388103461 21,1752319335936 0,00870859540009405
0,0242683880445837 21,0752319335936 0,0089040862294496
0,0251688072229238 20,9752319335936 0,00910988483519759
0,0260913486235472 20,8752319335936 0,00935345268226229
0,0270392210198825 20,7752319335936 0,00960721879528137
0,0280110881553083 20,6752319335936 0,00986788383306703
0,0290127049432064 20,5752319335936 0,0101560421462636
0,030043479014943 20,4752319335936 0,0104407103644917
0,0311039897240437 20,3752319335936 0,0107562983685057
0,0321917595772004 20,2752319335936 0,0110341559775406
0,033318506870635 20,1752319335936 0,011528035181982
0,0345004805190587 20,0752319335936 0,0121041928505292
0,0357335463805115 19,9752319335936 0,0125706670878571
0,0370118943875416 19,8752319335936 0,0130199805571465
0,0383397197267178 19,7752319335936 0,0135276010914822
0,0397173510528537 19,6752319335936 0,0140009036185802
0,0411415794758668 19,5752319335936 0,0144947898807004
0,042617374284363 19,4752319335936 0,0150024386821315
0,0441425602400143 19,3752319335936 0,0154483079822967
0,0457105104487588 19,2752319335936 0,0159147574959206
0,0473309836956142 19,1752319335936 0,016518493212061
0,0490205096257604 19,0752319335936 0,0172764992821612
0,0507937353868033 18,9752319335936 0,0181614767207066
0,05265074792156 18,8752319335936 0,0190018001158023
0,0546021269663395 18,7752319335936 0,0199759090173757
0,0566493179715334 18,6752319335936 0,0209054910519626
0,0587861988803414 18,5752319335936 0,0218076151286368
0,06100761827016 18,4752319335936 0,0226341053421493
0,0633115771550024 18,3752319335936 0,0234504149557324
0,0656977836245437 18,2752319335936 0,0242599457342294
0,0681602633076773 18,1752319335936 0,0250384861064958
0,0707072522838695 18,0752319335936 0,0259301929254434
0,0733403383727265 17,9752319335936 0,0267672593618045
0,0760615626696142 17,8752319335936 0,0275938131453586
0,0788646866173818 17,7752319335936 0,0284271987475222
0,0817516803955483 17,6752319335936 0,0293531988500035
0,084730489021746 17,5752319335936 0,0302243643236579
0,0877968588322222 17,4752319335936 0,031095575686777
0,0909496119506587 17,3752319335936 0,0319976079335902
0,0941930662561654 17,2752319335936 0,0328482920813258
0,0975229421578023 17,1752319335936 0,0337400554126361
0,10093976445697 17,0752319335936 0,0346010155262775
0,104436774447137 16,9752319335936 0,0353007286539651
0,108001220439325 16,8752319335936 0,035966007191746
0,111637319685928 16,7752319335936 0,0367377969814697
0,115339798607353 16,6752319335936 0,0373620705286157
0,119105912031962 16,5752319335936 0,0379588225332554
0,122933622784222 16,4752319335936 0,0385487321400433
0,126814852917547 16,3752319335936 0,0390803205445991
0,130749797609861 16,2752319335936 0,0395982382469811
0,134738857088009 16,1752319335936 0,0401608100000885
0,138778077994923 16,0752319335936 0,0406204135724693
0,142868883534314 15,9752319335936 0,0411417577779503
0,147005563024277 15,8752319335936 0,0416151238896418
0,151190365210602 15,7752319335936 0,0420781080465531
0,155422796190625 15,6752319335936 0,0425823197365389
0,15970806820981 15,5752319335936 0,0430933879761142
0,164041655811399 15,4752319335936 0,043580477758951
0,168425078910502 15,3752319335936 0,044088133618061
0,17286075622335 15,2752319335936 0,0446300545154372
0,177350852724094 15,1752319335936 0,0452164775706478
0,18190197359667 15,0752319335936 0,0457858281442896
0,186513665541111 14,9752319335936 0,0464272977842484
0,191187951702553 14,8752319335936 0,0470652949952637
0,195926926552348 14,7752319335936 0,0476724536783877
0,200719283470695 14,6752319335936 0,0482177834055619
0,205568300692678 14,5752319335936 0,0487459453070187
0,210469869025938 14,4752319335936 0,0492707548910403
0,215420491717365 14,3752319335936 0,0497406838912866
0,220414872477869 14,2752319335936 0,0501762630883604
0,225452618887207 14,1752319335936 0,0506049857431208
0,230538612401967 14,0752319335936 0,0511195193321328
0,235675764423594 13,9752319335936 0,0516271928572678
0,240862368346646 13,8752319335936 0,0520798904399271
0,246094305760936 13,7752319335936 0,0525428781256778
0,251370838943349 13,6752319335936 0,0530059435186558
0,256696410129892 13,5752319335936 0,0534621382539626
0,262062225043088 13,4752319335936 0,0538496616354678
0,267463830745938 13,3752319335936 0,0542165977240074
0,272909659168309 13,2752319335936 0,0546831214160193
0,278400188425366 13,1752319335936 0,0551084493563394
0,2839301974308 13,0752319335936 0,0555028610688169
0,289499552760326 12,9752319335936 0,0558767208058271
0,295109160624662 12,8752319335936 0,0563191353430739
0,300763000030311 12,7752319335936 0,0567547357350122
0,306461018694167 12,6752319335936 0,0571834760557977
0,312202924417657 12,5752319335936 0,0576397308323067
0,317984422397653 12,4752319335936 0,0579964898570324
0,323804873563909 12,3752319335936 0,058438844345801
0,329668742835847 12,2752319335936 0,0588812730202335
0,335580057868481 12,1752319335936 0,0593648550566286
0,341540436719793 12,0752319335936 0,0598450918114395
0,347550213774039 11,9752319335936 0,0603664218942868
0,353613657001543 11,8752319335936 0,0608775219297968
0,359726743633268 11,7752319335936 0,061385163666273
0,365891185156975 11,6752319335936 0,0619099414470838
0,372109858322091 11,5752319335936 0,0624861909527681
0,378383460266682 11,4752319335936 0,0629972803799319
0,384711472530768 11,3752319335936 0,0635734839743236
0,391093383374843 11,2752319335936 0,06406055255502
0,397521122795699 11,1752319335936 0,0644652861519717
0,403991565218837 11,0752319335936 0,0649146137438947
0,410506176495809 10,9752319335936 0,0653570636059158
0,417066663895737 10,8752319335936 0,0658510028661112
0,423669974360306 10,7752319335936 0,0662111000929144
0,430315704278636 10,6752319335936 0,0666775495992624
0,437008032266102 10,5752319335936 0,067185152474849
0,44375498966487 10,4752319335936 0,0677099408567301
0,450549778413827 10,3752319335936 0,0681901387724793
0,457391347510489 10,2752319335936 0,0686428575427271
0,464275051566806 10,1752319335936 0,0690991264418699
0,471206885652594 10,0752319335936 0,0695348186782212
0,478180104704264 9,97523193359359 0,0699498247267911
0,485197822068486 9,87523193359359 0,0703579636392533
0,492257841484229 9,77523193359359 0,070848469316843
0,499366158482468 9,67523193359359 0,0713217082520714
0,506518720527433 9,57523193359359 0,0716955644747941
0,513713296432858 9,47523193359359 0,0721723464739625
0,520950656204532 9,37523193359359 0,0725633599358844
0,528226610792795 9,27523193359359 0,0729509751545265
0,535543414307091 9,17523193359359 0,0733385762359831
0,542896854841602 9,07523193359359 0,0736952292863862
0,550286463959593 8,97523193359359 0,0740999699555687
0,557718791602269 8,87523193359359 0,0745355456165271
0,565190878109775 8,77523193359359 0,0748820251246798
0,572701381558396 8,67523193359359 0,0753142449320876
0,580252145034818 8,57523193359359 0,0757257714794832
0,587849150805739 8,47523193359359 0,0761991199324257
0,595490889707528 8,37523193359359 0,076621031977993
0,603173544313785 8,27523193359359 0,0770292097440688
0,610900870878233 8,17523193359359 0,0775127882516244
0,618676795803486 8,07523193359359 0,0780067239684286
0,626501274173183 7,97523193359359 0,0784800264882506
0,634371418202513 7,87523193359359 0,0789087314769858
0,642286539407007 7,77523193359359 0,0793957753339782
0,650248511082615 7,67523193359359 0,0798519983291044
0,658256553476179 7,57523193359359 0,0803150248830207
0,666315610346767 7,47523193359359 0,0809186263577431
0,674429233074805 7,37523193359359 0,0813370624309755
0,68258668413345 7,2752319335936 0,0818824168891297
0,690803311160059 7,1752319335936 0,0824997879681177
0,699083486225185 7,0752319335936 0,0830999806130421
0,70741996141762 6,9752319335936 0,0836007304824307
0,715808989757175 6,8752319335936 0,084190668334486
0,724252836941035 6,7752319335936 0,0846640061790822
0,732745828143683 6,6752319335936 0,0851853433341603
0,741287155727634 6,5752319335936 0,0856586670488468
0,749879244893148 6,4752319335936 0,0861731547192903
0,75852110501385 6,3752319335936 0,0866602727473946
0,767208889019086 6,2752319335936 0,0871370759559795
0,775944234224488 6,1752319335936 0,0875623968386208
0,784722129857208 6,0752319335936 0,0880186021749978
0,793549058558849 5,9752319335936 0,0884953665154171
0,802427083019819 5,8752319335936 0,0890441262963577
0,811353302678939 5,7752319335936 0,0894865832160576
0,82032662482823 5,6752319335936 0,0899736200008192
0,829348914753009 5,5752319335936 0,0904606426629471
0,838416461143844 5,4752319335936 0,0908996095167822
0,847530875677794 5,3752319335936 0,0913866215923917
0,856698038917519 5,2752319335936 0,0919456926494604
0,865917065102815 5,1752319335936 0,0924498372260132
0,875188259067106 5,0752319335936 0,0929712202996598
0,884505501666807 4,9752319335936 0,0934170613400056
0,893866402667218 4,8752319335936 0,0938320391287562
0,903281020491148 4,7752319335936 0,094452893230482
0,912758047277101 4,6752319335936 0,0950771208590595
0,922297209535107 4,5752319335936 0,0957116138524725
0,931893448908793 4,47523193359361 0,0962124767684145
0,941538055218629 4,37523193359361 0,0967132866862812
0,951237461948675 4,27523193359361 0,0972620605753036
0,960992038513083 4,17523193359361 0,0978211599140195
0,970799689831796 4,07523193359361 0,0982979136606446
0,980661408611746 3,97523193359361 0,0988638942581019
0,990572354739491 3,87523193359361 0,0993578229026753
1,00053597138057 3,77523193359361 0,0998894077711157
1,01055036843264 3,67523193359361 0,100407350204478
1,02062452665223 3,57523193359361 0,101059042834095
1,03075689568161 3,47523193359361 0,101576960543753
1,04094277478622 3,37523193359361 0,102098389528692
1,05118059538969 3,27523193359361 0,102677952512749
1,06147689737585 3,17523193359361 0,103274739849439
1,07183525136292 3,07523193359361 0,103905887590372
1,08225020252658 2,97523193359361 0,104392899658706
1,09272124179452 2,87523193359361 0,10502742092649
1,10325569019594 2,77523193359361 0,105699640786042
1,11385875402046 2,67523193359361 0,106358189957973
1,12452383841605 2,57523193359361 0,106961862082244
1,13524323592264 2,47523193359361 0,107435196398001
1,14601169387684 2,37523193359361 0,107966869574739
1,15683291114433 2,2752319335936 0,10850195511739
1,16770821600329 2,1752319335936 0,109006170350767
1,17863149638236 2,0752319335936 0,109500088408822
1,18960498011027 1,9752319335936 0,109976852756517
1,20062922695735 1,8752319335936 0,110590783202497
1,21171757534986 1,7752319335936 0,111167032708181
1,22286951189422 1,6752319335936 0,111818824247166
1,23408787824953 1,5752319335936 0,112556278363627
1,24537161668139 1,4752319335936 0,113156488660024
1,2567228733995 1,3752319335936 0,113876767871261
1,268151789584 1,2752319335936 0,114676001481712
1,27965640642877 1,1752319335936 0,115403112497006
1,29123956019984 1,0752319335936 0,116216013258963
1,30289979048125 0,975231933593604 0,116987785397214
1,31464096144384 0,875231933593604 0,117838338846923
1,3264750364579 0,775231933593604 0,118836270805332
1,33840518672851 0,675231933593604 0,119796747887449
1,35044258974559 0,575231933593604 0,120932061399799
1,36259467311004 0,475231933593604 0,122159992926754
1,37488527586882 0,375231933593604 0,123679428041214
1,38733995828414 0,275231933593604 0,125538426080311
1,40004577878552 0,175231933593604 0,129547904514766
1,4132684100502 0,075231933593604 0,135172855538258
